0 0.1046875 0.3080459770114943 0.10625 0.11264367816091954 0.0890625 0.10114942528735632 0.0578125 0.10114942528735632 0.05 0.11724137931034483 0.0484375 0.30114942528735633 0.1046875 0.3080459770114943
0 0.1015625 0.5172413793103449 0.1046875 0.3103448275862069 0.0546875 0.30344827586206896 0.046875 0.3218390804597701 0.0453125 0.5126436781609195 0.1015625 0.5172413793103449
0 0.0515625 0.7333333333333333 0.1015625 0.728735632183908 0.103125 0.5218390804597701 0.059375 0.5149425287356322 0.0484375 0.5172413793103449 0.0453125 0.5333333333333333 0.04375 0.7218390804597701 0.0515625 0.7333333333333333
0 0.05 0.9563218390804598 0.090625 0.9540229885057471 0.1015625 0.9356321839080459 0.1015625 0.7310344827586207 0.0484375 0.728735632183908 0.0421875 0.767816091954023 0.0390625 0.9494252873563218 0.05 0.9563218390804598
0 0.1203125 0.24597701149425288 0.153125 0.23908045977011494 0.1796875 0.25057471264367814 0.184375 0.23908045977011494 0.184375 0.15172413793103448 0.178125 0.08735632183908046 0.1640625 0.07586206896551724 0.1390625 0.0735632183908046 0.128125 0.07816091954022988 0.11875 0.10344827586206896 0.115625 0.2160919540229885 0.1203125 0.24597701149425288
0 0.184375 0.41379310344827586 0.184375 0.27586206896551724 0.178125 0.25057471264367814 0.1546875 0.23908045977011494 0.121875 0.24367816091954023 0.11875 0.2689655172413793 0.11875 0.41379310344827586 0.184375 0.41379310344827586
0 0.184375 0.5747126436781609 0.1859375 0.4804597701149425 0.1796875 0.42298850574712643 0.1734375 0.4160919540229885 0.1328125 0.4160919540229885 0.125 0.4206896551724138 0.11875 0.4413793103448276 0.11875 0.5770114942528736 0.184375 0.5747126436781609
0 0.1765625 0.7586206896551724 0.1828125 0.7471264367816092 0.184375 0.6252873563218391 0.1796875 0.5885057471264368 0.16875 0.5793103448275863 0.128125 0.5816091954022988 0.1171875 0.6091954022988506 0.115625 0.7563218390804598 0.1765625 0.7586206896551724
0 0.125 0.9494252873563218 0.178125 0.9402298850574713 0.1828125 0.9195402298850575 0.1828125 0.7885057471264367 0.178125 0.7655172413793103 0.1265625 0.7609195402298851 0.1140625 0.7862068965517242 0.1125 0.9379310344827586 0.125 0.9494252873563218
0 0.236328125 0.2482758620689655 0.2625 0.2574712643678161 0.2640625 0.12873563218390804 0.2578125 0.09885057471264368 0.240625 0.08735632183908046 0.2109375 0.0896551724137931 0.2 0.12873563218390804 0.2 0.25057471264367814 0.236328125 0.2482758620689655
0 0.259375 0.4160919540229885 0.2640625 0.3954022988505747 0.259375 0.2574712643678161 0.2453125 0.2482758620689655 0.209375 0.2482758620689655 0.203125 0.25057471264367814 0.2 0.27586206896551724 0.2 0.4091954022988506 0.259375 0.4160919540229885
0 0.2625 0.5862068965517241 0.2640625 0.4459770114942529 0.2578125 0.4206896551724138 0.24375 0.4114942528735632 0.2125 0.4114942528735632 0.2 0.43908045977011495 0.2 0.5862068965517241 0.2625 0.5862068965517241
0 0.1984375 0.7632183908045977 0.259375 0.7632183908045977 0.2640625 0.7586206896551724 0.2640625 0.6183908045977011 0.2578125 0.593103448275862 0.2046875 0.593103448275862 0.1984375 0.6206896551724138 0.1984375 0.7632183908045977
0 0.3057296875 0.2482758620689655 0.3359375 0.2574712643678161 0.3359375 0.12413793103448276 0.3296875 0.10344827586206896 0.290625 0.09425287356321839 0.2734375 0.12183908045977011 0.275 0.25057471264367814 0.3057296875 0.2482758620689655
0 0.296875 0.9471264367816092 0.3359375 0.9379310344827586 0.340625 0.9310344827586207 0.3390625 0.7793103448275862 0.334375 0.7609195402298851 0.2796875 0.7586206896551724 0.2734375 0.7839080459770115 0.271875 0.9379310344827586 0.296875 0.9471264367816092
0 0.2796875 0.7563218390804598 0.3359375 0.7517241379310344 0.340625 0.6850574712643678 0.3359375 0.593103448275862 0.33125 0.5862068965517241 0.2875 0.5862068965517241 0.2765625 0.6114942528735632 0.275 0.7494252873563219 0.2796875 0.7563218390804598
0 0.3328125 0.5908045977011495 0.340625 0.5816091954022988 0.3421875 0.5126436781609195 0.3359375 0.42758620689655175 0.3296875 0.41839080459770117 0.284375 0.4206896551724138 0.278125 0.4482758620689655 0.278125 0.5862068965517241 0.3328125 0.5908045977011495
0 0.2828125 0.432183908045977 0.3359375 0.43448275862068964 0.340625 0.4206896551724138 0.340625 0.3471264367816092 0.334375 0.25517241379310346 0.3125 0.24597701149425288 0.2765625 0.25057471264367814 0.278125 0.4206896551724138 0.2828125 0.432183908045977
0 0.209375 0.9494252873563218 0.259375 0.9425287356321839 0.2640625 0.7908045977011494 0.2578125 0.7655172413793103 0.20625 0.767816091954023 0.196875 0.7977011494252874 0.1953125 0.9356321839080459 0.209375 0.9494252873563218
0 0.40625 0.28045977011494255 0.4078125 0.15632183908045977 0.4015625 0.1310344827586207 0.3890625 0.12183908045977011 0.3640625 0.12183908045977011 0.353125 0.12643678160919541 0.346875 0.1471264367816092 0.346875 0.27586206896551724 0.40625 0.28045977011494255
0 0.35625 0.4413793103448276 0.409375 0.4367816091954023 0.40625 0.28735632183908044 0.4015625 0.27816091954022987 0.3515625 0.2850574712643678 0.3484375 0.43448275862068964 0.35625 0.4413793103448276
0 0.3515625 0.593103448275862 0.4109375 0.5954022988505747 0.409375 0.4413793103448276 0.403125 0.43448275862068964 0.3546875 0.43908045977011495 0.35 0.4666666666666667 0.3515625 0.593103448275862
0 0.4109375 0.7655172413793103 0.4109375 0.5977011494252874 0.3734375 0.593103448275862 0.353125 0.6 0.353125 0.7632183908045977 0.4109375 0.7655172413793103
0 0.371875 0.9448275862068966 0.4109375 0.9379310344827586 0.4140625 0.7908045977011494 0.409375 0.7632183908045977 0.353125 0.7632183908045977 0.3515625 0.7885057471264367 0.35 0.9333333333333333 0.371875 0.9448275862068966
0 0.4796875 0.2367816091954023 0.4796875 0.09885057471264368 0.4734375 0.07816091954022988 0.465625 0.06896551724137931 0.4421875 0.06666666666666667 0.4296875 0.07126436781609195 0.4203125 0.09195402298850575 0.4203125 0.2367816091954023 0.4796875 0.2367816091954023
0 0.48125 0.4 0.4828125 0.27816091954022987 0.4765625 0.22758620689655173 0.421875 0.22988505747126436 0.4234375 0.40229885057471265 0.48125 0.4
0 0.4828125 0.5724137931034483 0.48125 0.4045977011494253 0.43125 0.4 0.4234375 0.4068965517241379 0.4234375 0.5701149425287356 0.4828125 0.5724137931034483
0 0.4859375 0.7448275862068966 0.4859375 0.6114942528735632 0.4796875 0.5770114942528736 0.4296875 0.5770114942528736 0.425 0.5954022988505747 0.425 0.7448275862068966 0.4859375 0.7448275862068966
0 0.440625 0.9379310344827586 0.48125 0.9356321839080459 0.4890625 0.9241379310344827 0.484375 0.7540229885057471 0.4375 0.7494252873563219 0.428125 0.7586206896551724 0.425 0.9264367816091954 0.440625 0.9379310344827586
0 0.5046875 0.24367816091954023 0.5125 0.2367816091954023 0.5546875 0.2413793103448276 0.5640625 0.2 0.553125 0.07816091954022988 0.54375 0.06896551724137931 0.5171875 0.06896551724137931 0.5015625 0.08505747126436781 0.4984375 0.23218390804597702 0.5046875 0.24367816091954023
0 0.5609375 0.4045977011494253 0.5609375 0.26666666666666666 0.5546875 0.23218390804597702 0.5125 0.22988505747126436 0.5015625 0.23908045977011494 0.5015625 0.4045977011494253 0.5609375 0.4045977011494253
0 0.5125 0.5793103448275863 0.5609375 0.5793103448275863 0.5640625 0.48735632183908045 0.5578125 0.4045977011494253 0.5109375 0.40229885057471265 0.5046875 0.4114942528735632 0.503125 0.5701149425287356 0.5125 0.5793103448275863
0 0.5046875 0.7448275862068966 0.5671875 0.7448275862068966 0.565625 0.6022988505747127 0.5609375 0.5839080459770115 0.5484375 0.5747126436781609 0.5171875 0.5747126436781609 0.5078125 0.5839080459770115 0.503125 0.6045977011494252 0.5046875 0.7448275862068966
0 0.5078125 0.9356321839080459 0.525 0.9402298850574713 0.5609375 0.9379310344827586 0.5703125 0.9241379310344827 0.565625 0.7471264367816092 0.5078125 0.7494252873563219 0.5046875 0.9264367816091954 0.5078125 0.9356321839080459
0 0.5984375 0.9379310344827586 0.6390625 0.9379310344827586 0.6484375 0.9241379310344827 0.65 0.871264367816092 0.640625 0.7517241379310344 0.584375 0.7448275862068966 0.5828125 0.9218390804597701 0.5984375 0.9379310344827586
0 0.58125 0.7448275862068966 0.64375 0.7471264367816092 0.6421875 0.6229885057471264 0.634375 0.5770114942528736 0.5828125 0.5793103448275863 0.578125 0.6022988505747127 0.58125 0.7448275862068966
0 0.578125 0.5747126436781609 0.65 0.5839080459770115 0.65 0.4735632183908046 0.6375 0.4160919540229885 0.5921875 0.4091954022988506 0.5796875 0.41839080459770117 0.575 0.4413793103448276 0.578125 0.5747126436781609
0 0.6359375 0.4114942528735632 0.6361609374999999 0.38095172413793105 0.6305796875 0.2627264367816092 0.6305796875 0.25123218390804597 0.6 0.23908045977011494 0.571875 0.25287356321839083 0.571875 0.41839080459770117 0.6359375 0.4114942528735632
0 0.575 0.25517241379310346 0.59375 0.24367816091954023 0.628125 0.24597701149425288 0.6328125 0.2413793103448276 0.6328125 0.135632183908046 0.625 0.09425287356321839 0.5984375 0.0896551724137931 0.5765625 0.10344827586206896 0.571875 0.12183908045977011 0.575 0.25517241379310346
0 0.6546875 0.25287356321839083 0.6890625 0.2367816091954023 0.7078125 0.24597701149425288 0.7125 0.23448275862068965 0.7125 0.1103448275862069 0.7078125 0.09195402298850575 0.6703125 0.08505747126436781 0.6578125 0.09195402298850575 0.6515625 0.11264367816091954 0.65 0.24597701149425288 0.6546875 0.25287356321839083
0 0.7 0.4045977011494253 0.7109375 0.41707816091954025 0.7142859374999999 0.28735632183908044 0.709821875 0.2676528735632184 0.7087046875 0.25780000000000003 0.7109375 0.2413793103448276 0.675 0.2367816091954023 0.653125 0.24367816091954023 0.65 0.4091954022988506 0.7 0.4045977011494253
0 0.7140625 0.5839080459770115 0.709375 0.42298850574712643 0.7046875 0.4114942528735632 0.6921875 0.4068965517241379 0.653125 0.4160919540229885 0.653125 0.5816091954022988 0.7140625 0.5839080459770115
0 0.7171875 0.7586206896551724 0.7171875 0.6252873563218391 0.709375 0.593103448275862 0.665625 0.5862068965517241 0.65625 0.5977011494252874 0.65625 0.7563218390804598 0.7171875 0.7586206896551724
0 0.6921875 0.9402298850574713 0.7203125 0.9356321839080459 0.721875 0.8068965517241379 0.7125 0.7632183908045977 0.6625 0.7609195402298851 0.659375 0.7701149425287356 0.6609375 0.9310344827586207 0.6921875 0.9402298850574713
0 0.7390625 0.9356321839080459 0.7859375 0.9356321839080459 0.7890625 0.8114942528735632 0.78125 0.7195402298850575 0.73125 0.7195402298850575 0.73125 0.9264367816091954 0.7390625 0.9356321839080459
0 0.73125 0.7241379310344828 0.7796875 0.7172413793103448 0.778125 0.5195402298850574 0.775 0.5126436781609195 0.7265625 0.5172413793103449 0.7265625 0.7126436781609196 0.73125 0.7241379310344828