0 0.721875 0.9482071713147411 0.8 0.9840637450199203 0.84375 0.9800796812749004 0.871875 0.9601593625498008 0.98125 0.6135458167330677 0.984375 0.5298804780876494 0.975 0.5059760956175299 0.91875 0.4581673306772908 0.85625 0.43824701195219123 0.80625 0.43824701195219123 0.76875 0.4581673306772908 0.7375 0.5338645418326693 0.696875 0.7928286852589641 0.690625 0.8924302788844621 0.721875 0.9482071713147411
0 0.465625 0.8764940239043825 0.475 0.9083665338645418 0.503125 0.952191235059761 0.546875 0.9760956175298805 0.596875 0.9800796812749004 0.64375 0.9601593625498008 0.665625 0.9322709163346613 0.68125 0.8605577689243028 0.725 0.50199203187251 0.709375 0.4701195219123506 0.659375 0.4342629482071713 0.55625 0.4262948207171315 0.50625 0.4581673306772908 0.50625 0.5219123505976095 0.490625 0.5657370517928287 0.4875 0.7078366533864542 0.465625 0.8764940239043825
0 0.246875 0.9123505976095617 0.271875 0.9482071713147411 0.315625 0.9681274900398407 0.378125 0.9681274900398407 0.4125 0.952191235059761 0.45 0.9043824701195219 0.475 0.8007968127490039 0.484375 0.5617529880478087 0.4625 0.44621513944223107 0.3875 0.40239043824701193 0.3 0.4063745019920319 0.2375 0.450199203187251 0.225 0.5099601593625498 0.221875 0.6653386454183267 0.246875 0.9123505976095617
0 0.0125 0.896414342629482 0.040625 0.9362549800796812 0.075 0.952191235059761 0.14375 0.952191235059761 0.18125 0.9322709163346613 0.215625 0.900398406374502 0.234375 0.852589641434263 0.215625 0.6175298804780877 0.221875 0.49800796812749004 0.203125 0.42231075697211157 0.134375 0.3784860557768924 0.06875 0.50199203187251 0.003125 0.5139442231075697 0 0.8446215139442231 0.0125 0.896414342629482
0 0.725 0.4860557768924303 0.7375 0.5577689243027888 0.79375 0.43824701195219123 0.853125 0.4342629482071713 0.903125 0.4541832669322709 0.909375 0.3904382470119522 0.89375 0.35856573705179284 0.84375 0.32669322709163345 0.765625 0.3147410358565737 0.721875 0.3386454183266932 0.721875 0.3745019920318725 0.70625 0.398406374501992 0.7 0.44621513944223107 0.725 0.4860557768924303
0 0.503125 0.4581673306772908 0.528125 0.4342629482071713 0.59375 0.41832669322709165 0.690625 0.4342629482071713 0.6875 0.350597609561753 0.628125 0.30677290836653387 0.51875 0.3107569721115538 0.503125 0.32669322709163345 0.484375 0.3944223107569721 0.4875 0.5258964143426295 0.503125 0.4581673306772908
0 0.36875 0.398406374501992 0.4375 0.42231075697211157 0.465625 0.450199203187251 0.48125 0.5179282868525896 0.484375 0.36254980079681276 0.465625 0.3107569721115538 0.39375 0.2788844621513944 0.3375 0.2788844621513944 0.30625 0.2868525896414343 0.275 0.3187250996015936 0.26875 0.4103585657370518 0.36875 0.398406374501992
0 0.19375 0.4063745019920319 0.228125 0.4940239043824701 0.265625 0.4103585657370518 0.25 0.2948207171314741 0.184375 0.26294820717131473 0.14375 0.3426294820717131 0.134375 0.3705179282868526 0.19375 0.4063745019920319
0 0.228125 0.2749003984063745 0.25 0.33067729083665337 0.234375 0.36254980079681276 0.2625 0.398406374501992 0.29375 0.2868525896414343 0.28250000000000003 0.20239043824701194 0.23125 0.17689243027888446 0.19375 0.2350597609561753 0.1875 0.26294820717131473 0.228125 0.2749003984063745
0 0.40625 0.2788844621513944 0.45625 0.30278884462151395 0.484375 0.3386454183266932 0.484375 0.250996015936255 0.4625 0.2151394422310757 0.353125 0.19123505976095617 0.30625 0.21912350597609562 0.3 0.28286852589641437 0.40625 0.2788844621513944
0 0.515625 0.3107569721115538 0.546875 0.29880478087649404 0.665625 0.3187250996015936 0.665625 0.2549800796812749 0.603125 0.2151394422310757 0.5125 0.21912350597609562 0.490625 0.28286852589641437 0.490625 0.3545816733067729 0.515625 0.3107569721115538
0 0.69375 0.3665338645418327 0.690625 0.38645418326693226 0.709375 0.38645418326693226 0.721875 0.3386454183266932 0.75 0.3147410358565737 0.84375 0.32270916334661354 0.846875 0.2788844621513944 0.81875 0.24701195219123506 0.7125 0.23107569721115537 0.6875 0.2549800796812749 0.675 0.32669322709163345 0.69375 0.3665338645418327
0 0.2975 0.2342629482071713 0.315625 0.17928286852589642 0.30625 0.12749003984063745 0.259375 0.10756972111553785 0.22374999999999998 0.17689243027888446 0.2525 0.18167330677290838 0.2975 0.2342629482071713
0 0.403125 0.19123505976095617 0.48125 0.22709163346613545 0.478125 0.14342629482071714 0.409375 0.11952191235059761 0.346875 0.12350597609561753 0.33125 0.14342629482071714 0.33125 0.1952191235059761 0.403125 0.19123505976095617
0 0.496875 0.23107569721115537 0.559375 0.21115537848605578 0.640625 0.23107569721115537 0.646875 0.18326693227091634 0.64 0.17370517928286852 0.63 0.16254980079681275 0.625 0.1593625498007968 0.559375 0.14342629482071714 0.5 0.1593625498007968 0.50625 0.20717131474103587 0.496875 0.23107569721115537
0 0.68125 0.2589641434262948 0.733334375 0.22709163346613545 0.80625 0.23904382470119523 0.80625 0.1952191235059761 0.771875 0.17131474103585656 0.690625 0.1593625498007968 0.6625 0.17928286852589642 0.65 0.23107569721115537 0.68125 0.2589641434262948
0 0.65625 0.19123505976095617 0.721875 0.16733067729083664 0.775 0.17131474103585656 0.775 0.1394422310756972 0.7375 0.10358565737051793 0.65625 0.099601593625498 0.646875 0.11952191235059761 0.6375 0.1593625498007968 0.65625 0.19123505976095617
0 0.746875 0.11553784860557768 0.75 0.099601593625498 0.7125 0.06772908366533864 0.634375 0.07171314741035857 0.63125 0.13545816733067728 0.746875 0.11553784860557768
0 0.509375 0.15139442231075698 0.634375 0.16733067729083664 0.628125 0.11952191235059761 0.6125 0.10358565737051793 0.565625 0.08764940239043825 0.496875 0.10358565737051793 0.496875 0.16733067729083664 0.509375 0.15139442231075698
0 0.484375 0.15139442231075698 0.48125 0.099601593625498 0.46875 0.08764940239043825 0.36875 0.07569721115537849 0.35 0.09163346613545817 0.346875 0.12749003984063745 0.484375 0.15139442231075698
0 0.303125 0.12749003984063745 0.321875 0.1553784860557769 0.340625 0.12749003984063745 0.346875 0.08366533864541832 0.334375 0.05976095617529881 0.284375 0.05976095617529881 0.265625 0.09163346613545817 0.259375 0.11155378486055777 0.303125 0.12749003984063745
0 0.371875 0.11952191235059761 0.45 0.12749003984063745 0.484375 0.10358565737051793 0.48125 0.055776892430278883 0.46875 0.043824701195219126 0.403125 0.03187250996015936 0.365625 0.043824701195219126 0.353125 0.10358565737051793 0.371875 0.11952191235059761
0 0.615625 0.099601593625498 0.609375 0.06374501992031872 0.571875 0.04780876494023904 0.5 0.05976095617529881 0.496875 0.09163346613545817 0.615625 0.099601593625498
0 0.30625 0.06772908366533864 0.33125 0.08764940239043825 0.353125 0.07569721115537849 0.3375 0.03187250996015936 0.303125 0.02390438247011952 0.2875 0.043824701195219126 0.278125 0.07569721115537849 0.30625 0.06772908366533864