0 0.0205078125 0.5841874084919473 0.0263671875 0.5622254758418741 0.0146484375 0.36749633967789164 0.0009765625 0.33382137628111275 0 0.6046852122986823 0.0205078125 0.5841874084919473
0 0.17578125 0.34992679355783307 0.201171875 0.3733528550512445 0.2119140625 0.3601756954612006 0.21484375 0.3484626647144949 0.212890625 0.12005856515373353 0.2099609375 0.10248901903367497 0.19921875 0.08345534407027819 0.1796875 0.07320644216691069 0.150390625 0.07613469985358712 0.1376953125 0.08638360175695461 0.130859375 0.09956076134699854 0.13671875 0.3513909224011713 0.17578125 0.34992679355783307
0 0.14453125 0.4216691068814056 0.158203125 0.45241581259150804 0.1611328125 0.5519765739385066 0.177734375 0.5519765739385066 0.193359375 0.541727672035139 0.2021484375 0.5241581259150805 0.2041015625 0.4055636896046852 0.19921875 0.37481698389458273 0.181640625 0.35431918008784774 0.16015625 0.34992679355783307 0.1357421875 0.35871156661786235 0.125 0.3733528550512445 0.1220703125 0.3850658857979502 0.1201171875 0.40702781844802344 0.14453125 0.4216691068814056
0 0.072265625 0.718887262079063 0.087890625 0.7423133235724744 0.09765625 0.7437774524158126 0.123046875 0.7203513909224012 0.1572265625 0.7174231332357247 0.16015625 0.6998535871156661 0.16015625 0.5095168374816984 0.1552734375 0.44363103953147875 0.138671875 0.41874084919472915 0.107421875 0.40995607613469986 0.0791015625 0.4216691068814056 0.064453125 0.4465592972181552 0.064453125 0.5461200585651538 0.072265625 0.718887262079063
0 0.091796875 0.9048316251830161 0.095703125 0.9224011713030746 0.107421875 0.9370424597364568 0.12890625 0.9487554904831625 0.154296875 0.9472913616398243 0.169921875 0.9370424597364568 0.185546875 0.9077598828696926 0.1884765625 0.7833089311859444 0.1806640625 0.7452415812591509 0.1611328125 0.7232796486090776 0.134765625 0.718887262079063 0.10546875 0.7349926793557833 0.09375 0.7598828696925329 0.08984375 0.8169838945827232 0.091796875 0.9048316251830161
0 0.244140625 0.6515373352855052 0.2529296875 0.6632503660322109 0.2724609375 0.6749633967789166 0.30078125 0.6720351390922401 0.3115234375 0.6456808199121523 0.326171875 0.6251830161054173 0.3291015625 0.5285505124450952 0.322265625 0.49194729136163984 0.3017578125 0.47291361639824303 0.2705078125 0.47144948755490484 0.2607421875 0.47584187408491946 0.248046875 0.493411420204978 0.2412109375 0.5256222547584187 0.240234375 0.6193265007320644 0.244140625 0.6515373352855052
0 0.2548828125 0.46412884333821375 0.2607421875 0.47291361639824303 0.2939453125 0.4670571010248902 0.3212890625 0.48755490483162517 0.333984375 0.4816983894582723 0.3427734375 0.47144948755490484 0.345703125 0.45973645680819913 0.3544921875 0.2781844802342606 0.3544921875 0.2562225475841874 0.341796875 0.21522693997071743 0.318359375 0.19765739385065886 0.283203125 0.19765739385065886 0.2626953125 0.21815519765739386 0.251953125 0.2547584187408492 0.2509765625 0.45241581259150804 0.2548828125 0.46412884333821375
0 0.2978515625 0.91800878477306 0.318359375 0.9458272327964861 0.337890625 0.9531478770131772 0.3720703125 0.9502196193265008 0.3955078125 0.9326500732064422 0.4033203125 0.9194729136163983 0.408203125 0.8960468521229868 0.419921875 0.718887262079063 0.4189453125 0.6896046852122987 0.4052734375 0.6456808199121523 0.396484375 0.6325036603221084 0.373046875 0.6178623718887262 0.3505859375 0.616398243045388 0.328125 0.6266471449487555 0.3193359375 0.6354319180087847 0.3037109375 0.6691068814055637 0.2958984375 0.7247437774524158 0.29296875 0.9019033674963397 0.2978515625 0.91800878477306
0 0.1982421875 0 0.1943359375 0.010248901903367497 0.1943359375 0.07613469985358712 0.205078125 0.08784773060029283 0.21484375 0.12445095168374817 0.2158203125 0.23133235724743778 0.240234375 0.2342606149341142 0.2568359375 0.22986822840409957 0.2666015625 0.20937042459736457 0.2841796875 0.19326500732064422 0.28515625 0.18594436310395315 0.28515625 0.008784773060029283 0.2822265625 0 0.1982421875 0
0 0.3505859375 0.24597364568081992 0.357421875 0.2562225475841874 0.3544921875 0.31771595900439237 0.3662109375 0.32650073206442165 0.392578125 0.32503660322108346 0.4033203125 0.2679355783308931 0.4130859375 0.2518301610541728 0.419921875 0.07906295754026355 0.4169921875 0.055636896046852125 0.404296875 0.03806734992679356 0.3896484375 0.03074670571010249 0.3671875 0.03074670571010249 0.353515625 0.03806734992679356 0.3427734375 0.05417276720351391 0.33984375 0.11420204978038068 0.3388671875 0.2005856515373353 0.3505859375 0.24597364568081992
0 0.396484375 0.5519765739385066 0.408203125 0.5636896046852123 0.4287109375 0.5710102489019033 0.447265625 0.568081991215227 0.466796875 0.5461200585651538 0.484375 0.3118594436310395 0.4833984375 0.28550512445095166 0.474609375 0.2664714494875549 0.44140625 0.25036603221083453 0.419921875 0.25329428989751096 0.40625 0.26500732064421667 0.3984375 0.29282576866764276 0.390625 0.4465592972181552 0.388671875 0.5285505124450952 0.396484375 0.5519765739385066
0 0.451171875 0.746705710102489 0.470703125 0.7569546120058566 0.4931640625 0.7584187408491947 0.5107421875 0.7481698389458272 0.521484375 0.726207906295754 0.5302734375 0.6310395314787701 0.529296875 0.5885797950219619 0.5244140625 0.5724743777452416 0.509765625 0.554904831625183 0.4951171875 0.5475841874084919 0.466796875 0.5505124450951684 0.451171875 0.568081991215227 0.443359375 0.6032210834553441 0.4404296875 0.7320644216691069 0.451171875 0.746705710102489
0 0.5546875 0.9985358711566618 0.5654296875 0.8872620790629575 0.5654296875 0.8565153733528551 0.5595703125 0.8389458272327965 0.5478515625 0.8228404099560761 0.529296875 0.8111273792093704 0.5009765625 0.8111273792093704 0.4853515625 0.8199121522693997 0.4755859375 0.8345534407027818 0.46875 0.8667642752562226 0.458984375 0.9985358711566618 0.5546875 0.9985358711566618
0 0.501953125 0.42313323572474376 0.53125 0.4260614934114202 0.5419921875 0.3923865300146413 0.560546875 0.3762811127379209 0.5595703125 0.3484626647144949 0.5732421875 0.18740849194729137 0.5732421875 0.15519765739385066 0.56640625 0.14055636896046853 0.5537109375 0.12884333821376281 0.533203125 0.12298682284040996 0.513671875 0.1259150805270864 0.498046875 0.14055636896046853 0.4853515625 0.28257686676427524 0.4833984375 0.40263543191800877 0.501953125 0.42313323572474376
0 0.5927734375 0.3103953147877013 0.6220703125 0.3162518301610542 0.638671875 0.3074670571010249 0.64453125 0.2972181551976574 0.6689453125 0.07906295754026355 0.6669921875 0.04685212298682284 0.6533203125 0.029282576866764276 0.619140625 0.020497803806734993 0.6025390625 0.029282576866764276 0.5966796875 0.03806734992679356 0.5751953125 0.24597364568081992 0.5751953125 0.2884333821376281 0.5927734375 0.3103953147877013
0 0.533203125 0.5578330893118595 0.5625 0.575402635431918 0.578125 0.575402635431918 0.5947265625 0.5666178623718887 0.6083984375 0.513909224011713 0.615234375 0.45241581259150804 0.6142578125 0.4172767203513909 0.609375 0.39970717423133234 0.599609375 0.38799414348462663 0.5810546875 0.37920937042459735 0.560546875 0.37920937042459735 0.546875 0.38799414348462663 0.533203125 0.42752562225475843 0.5283203125 0.493411420204978 0.525390625 0.5358711566617862 0.533203125 0.5578330893118595
0 0 0.32650073206442165 0.0146484375 0.3601756954612006 0.021484375 0.42020497803806733 0.025390625 0.424597364568082 0.044921875 0.42313323572474376 0.064453125 0.40995607613469986 0.072265625 0.38945827232796487 0.0595703125 0.14055636896046853 0.0546875 0.12152269399707175 0.0400390625 0.10834553440702782 0.005859375 0.1054172767203514 0 0.10688140556368961 0 0.32650073206442165
0 0.6591796875 0.4407027818448023 0.6689453125 0.45241581259150804 0.6884765625 0.46266471449487556 0.712890625 0.45973645680819913 0.7314453125 0.42020497803806733 0.748046875 0.3411420204978038 0.7626953125 0.19912152269399708 0.767578125 0.18448023426061494 0.7685546875 0.15080527086383602 0.755859375 0.12445095168374817 0.740234375 0.11420204978038068 0.7119140625 0.10980966325036604 0.6962890625 0.11566617862371889 0.685546875 0.13030746705710103 0.6787109375 0.16398243045387995 0.654296875 0.39824304538799415 0.6533203125 0.41874084919472915 0.6591796875 0.4407027818448023
0 0.583984375 0.8038067349926794 0.599609375 0.8257686676427526 0.6171875 0.8345534407027818 0.640625 0.8345534407027818 0.65625 0.8243045387994143 0.666015625 0.8023426061493412 0.6904296875 0.6120058565153733 0.6953125 0.5475841874084919 0.689453125 0.527086383601757 0.6787109375 0.5124450951683748 0.6552734375 0.4992679355783309 0.6376953125 0.4978038067349927 0.6162109375 0.5080527086383602 0.6083984375 0.5197657393850659 0.6005859375 0.5519765739385066 0.58984375 0.6632503660322109 0.580078125 0.7686676427525623 0.583984375 0.8038067349926794
0 0.7001953125 0.6617862371888726 0.7119140625 0.6822840409956076 0.7451171875 0.7027818448023426 0.7763671875 0.6969253294289898 0.7900390625 0.6852122986822841 0.802734375 0.6266471449487555 0.7978515625 0.6207906295754027 0.8134765625 0.5666178623718887 0.826171875 0.48755490483162517 0.8203125 0.43923865300146414 0.814453125 0.42313323572474376 0.802734375 0.4084919472913616 0.77734375 0.3953147877013177 0.7587890625 0.3953147877013177 0.7412109375 0.404099560761347 0.716796875 0.45534407027818447 0.7021484375 0.5710102489019033 0.6982421875 0.6178623718887262 0.7001953125 0.6617862371888726
0 0.845703125 0.5944363103953147 0.8662109375 0.6076134699853587 0.8994140625 0.6032210834553441 0.9072265625 0.5915080527086384 0.9267578125 0.48755490483162517 0.927734375 0.4538799414348463 0.921875 0.43484626647144947 0.9052734375 0.41874084919472915 0.8876953125 0.41142020497803805 0.876953125 0.41142020497803805 0.857421875 0.424597364568082 0.8466796875 0.4568081991215227 0.8330078125 0.5402635431918009 0.8330078125 0.5739385065885798 0.845703125 0.5944363103953147
0 0.65234375 0.9985358711566618 0.7626953125 0.9985358711566618 0.7939453125 0.8184480234260615 0.79296875 0.7920937042459737 0.779296875 0.7408491947291361 0.7666015625 0.7247437774524158 0.7451171875 0.7115666178623719 0.7158203125 0.7115666178623719 0.693359375 0.7276720351390923 0.671875 0.7745241581259151 0.654296875 0.9121522693997072 0.6484375 0.9663250366032211 0.65234375 0.9985358711566618
0 0.796875 0.8653001464128843 0.8095703125 0.8887262079062958 0.828125 0.9033674963396779 0.8525390625 0.9077598828696926 0.8701171875 0.9004392386530015 0.8828125 0.87701317715959 0.90234375 0.7789165446559297 0.9033203125 0.7379209370424598 0.900390625 0.726207906295754 0.8896484375 0.7086383601756955 0.876953125 0.698389458272328 0.845703125 0.6910688140556369 0.8271484375 0.7027818448023426 0.8115234375 0.7423133235724744 0.7958984375 0.83601756954612 0.796875 0.8653001464128843
0 0.9150390625 0.7335285505124451 0.9375 0.7569546120058566 0.9677734375 0.7628111273792094 0.9814453125 0.7554904831625183 0.9931640625 0.7379209370424598 0.9990234375 0.7086383601756955 0.9990234375 0.4363103953147877 0.9765625 0.4363103953147877 0.9580078125 0.4538799414348463 0.9091796875 0.6939970717423133 0.908203125 0.7115666178623719 0.9150390625 0.7335285505124451
0 0.958984375 0.9165446559297218 0.974609375 0.9385065885797951 0.9990234375 0.9502196193265008 0.9990234375 0.7349926793557833 0.990234375 0.7408491947291361 0.9814453125 0.7584187408491947 0.955078125 0.8740849194729137 0.953125 0.9004392386530015 0.958984375 0.9165446559297218