0 0.6725 0.4884910485933504 0.795 0.4859335038363171 0.81 0.4616368286445013 0.81 0.08312020460358056 0.7966666666666666 0.04603580562659847 0.795 0.030690537084398978 0.7741666666666667 0.02557544757033248 0.6675 0.028132992327365727 0.6641666666666667 0.054987212276214836 0.6533333333333333 0.08056265984654731 0.6541666666666667 0.4641943734015345 0.6725 0.4884910485933504
0 0.8141666666666667 0.45524296675191817 0.8341666666666666 0.48081841432225064 0.8516666666666667 0.4859335038363171 0.8991666666666667 0.4884910485933504 0.9466666666666667 0.4820971867007673 0.9666666666666667 0.4578005115089514 0.97 0.4462915601023018 0.97 0.0907928388746803 0.9566666666666667 0.049872122762148335 0.955 0.029411764705882353 0.9183333333333333 0.020460358056265986 0.8683333333333333 0.020460358056265986 0.83 0.026854219948849106 0.8125 0.08951406649616368 0.8116666666666666 0.3721227621483376 0.8141666666666667 0.45524296675191817
0 0.041666666666666664 0.9309462915601023 0.07416666666666667 0.9373401534526854 0.14416666666666667 0.9373401534526854 0.16666666666666666 0.9258312020460358 0.1775 0.9117647058823529 0.17916666666666667 0.9028132992327366 0.17916666666666667 0.5639386189258312 0.1775 0.5434782608695652 0.165 0.5127877237851662 0.1625 0.4936061381074169 0.14083333333333334 0.489769820971867 0.04083333333333333 0.49232736572890023 0.03833333333333333 0.510230179028133 0.024166666666666666 0.5460358056265985 0.024166666666666666 0.9104859335038363 0.041666666666666664 0.9309462915601023
0 0.1975 0.948849104859335 0.2025 0.9501278772378516 0.2833333333333333 0.9526854219948849 0.325 0.9450127877237852 0.33916666666666667 0.9207161125319693 0.33916666666666667 0.5447570332480819 0.33 0.5191815856777494 0.325 0.4884910485933504 0.31083333333333335 0.4820971867007673 0.21166666666666667 0.479539641943734 0.19666666666666666 0.4859335038363171 0.195 0.5076726342710998 0.1825 0.5434782608695652 0.18333333333333332 0.9245524296675192 0.1975 0.948849104859335
0 0.3616666666666667 0.9424552429667519 0.38166666666666665 0.9501278772378516 0.44 0.9526854219948849 0.4775 0.9437340153452686 0.49333333333333335 0.9207161125319693 0.49416666666666664 0.8644501278772379 0.495 0.5396419437340153 0.485 0.5089514066496164 0.4841666666666667 0.49104859335038364 0.4725 0.479539641943734 0.4675 0.48081841432225064 0.4508333333333333 0.47058823529411764 0.43833333333333335 0.479539641943734 0.435 0.46930946291560105 0.4191666666666667 0.46930946291560105 0.41333333333333333 0.4744245524296675 0.36833333333333335 0.48081841432225064 0.3566666666666667 0.49104859335038364 0.35583333333333333 0.5051150895140665 0.3416666666666667 0.5562659846547314 0.3425 0.9181585677749361 0.3616666666666667 0.9424552429667519
0 0.5075 0.9309462915601023 0.5175 0.9475703324808185 0.5266666666666666 0.9514066496163683 0.6116666666666667 0.9526854219948849 0.6316666666666667 0.9475703324808185 0.6533333333333333 0.9181585677749361 0.6541666666666667 0.5652173913043478 0.6516666666666666 0.5421994884910486 0.6366666666666667 0.489769820971867 0.6075 0.49104859335038364 0.5841666666666666 0.4846547314578005 0.5416666666666666 0.4820971867007673 0.5133333333333333 0.48721227621483376 0.49666666666666665 0.5537084398976982 0.49666666666666665 0.9232736572890026 0.5075 0.9309462915601023
0 0.6783333333333333 0.9462915601023018 0.6883333333333334 0.9501278772378516 0.7541666666666667 0.9539641943734015 0.7933333333333333 0.9450127877237852 0.8125 0.9194373401534527 0.8141666666666667 0.9092071611253197 0.8141666666666667 0.5549872122762148 0.8 0.5076726342710998 0.7991666666666667 0.49232736572890023 0.7941666666666667 0.4884910485933504 0.67 0.4884910485933504 0.6725 0.49232736572890023 0.6716666666666666 0.5089514066496164 0.6566666666666666 0.5601023017902813 0.6575 0.9181585677749361 0.6783333333333333 0.9462915601023018
0 0.8366666666666667 0.948849104859335 0.9483333333333334 0.9475703324808185 0.9625 0.9309462915601023 0.965 0.921994884910486 0.9658333333333333 0.571611253196931 0.9508333333333333 0.510230179028133 0.94 0.49872122762148335 0.9166666666666666 0.4936061381074169 0.9091666666666667 0.49872122762148335 0.905 0.49232736572890023 0.8591666666666666 0.49104859335038364 0.8408333333333333 0.49872122762148335 0.8316666666666667 0.510230179028133 0.8166666666666667 0.578005115089514 0.8175 0.9207161125319693 0.8366666666666667 0.948849104859335
0 0.0375 0.46675191815856776 0.04416666666666667 0.479539641943734 0.05583333333333333 0.4833759590792839 0.13083333333333333 0.4859335038363171 0.1575 0.4820971867007673 0.17666666666666667 0.45907928388746805 0.18166666666666667 0.44501278772378516 0.18166666666666667 0.0907928388746803 0.1775 0.06777493606138107 0.165 0.03324808184143223 0.165 0.024296675191815855 0.11083333333333334 0.01918158567774936 0.04 0.021739130434782608 0.023333333333333334 0.08312020460358056 0.023333333333333334 0.4539641943734015 0.0375 0.46675191815856776
0 0.205 0.4718670076726343 0.22083333333333333 0.47698209718670076 0.2425 0.47058823529411764 0.2758333333333333 0.47058823529411764 0.2833333333333333 0.4782608695652174 0.31 0.4782608695652174 0.32166666666666666 0.4718670076726343 0.3383333333333333 0.45012787723785164 0.3416666666666667 0.4373401534526854 0.3416666666666667 0.08312020460358056 0.32666666666666666 0.034526854219948847 0.3258333333333333 0.020460358056265986 0.275 0.017902813299232736 0.25666666666666665 0.023017902813299233 0.23583333333333334 0.017902813299232736 0.20083333333333334 0.01918158567774936 0.2 0.03324808184143223 0.18416666666666667 0.08184143222506395 0.185 0.4462915601023018 0.205 0.4718670076726343
0 0.3641666666666667 0.47698209718670076 0.4741666666666667 0.47570332480818417 0.4925 0.4462915601023018 0.4925 0.09846547314578005 0.4775 0.0370843989769821 0.4708333333333333 0.029411764705882353 0.36833333333333335 0.029411764705882353 0.36 0.0370843989769821 0.345 0.0959079283887468 0.3458333333333333 0.4514066496163683 0.3641666666666667 0.47698209718670076
0 0.5133333333333333 0.46547314578005117 0.5391666666666667 0.47058823529411764 0.6066666666666667 0.47058823529411764 0.625 0.4680306905370844 0.6375 0.46035805626598464 0.6483333333333333 0.4475703324808184 0.6508333333333334 0.43350383631713557 0.6508333333333334 0.15728900255754474 0.6491666666666667 0.08439897698209718 0.635 0.043478260869565216 0.6341666666666667 0.028132992327365727 0.5116666666666667 0.026854219948849106 0.5091666666666667 0.028132992327365727 0.505 0.05754475703324808 0.495 0.08184143222506395 0.49666666666666665 0.44884910485933505 0.5133333333333333 0.46547314578005117